200 50 
























00000000000000000000000000000011111000000000000000
00000000011000000000000000001111111000000000000000
00000001111000000000000000111111111000000000000000
00000001111000000000000011111111110000000000000000
00000011000000000000000011001111110000000000000000
00000110000000000000000000001111100000000000000000
00001100000000000000100000011111000000000000000000
00011000000000000001110000011111000000000000000000
00010000000000000000000000111110000000000000000000
00110000000000000000000000111110000000000000000000
01110000000011100000000001111100000000000000000000
01110000000111100000000001111100000000000000000000
01111111111111100000000001111100000000000000000000
01111111111111000000000011111100000000000000000000
01111111111110000000000011111000000000000000000000
01111111111100000000000011111000000000000000000000
00111111110000000000000001110000000000000000000000
00001111100000000011110000000000000000000000000000
00000000000000000011110000000000000000000000000000
00000000000000000011110000000000000000000000000000
00000000000000000011110000000000000000000000000000
00000000000000000001100000000000000000000000000000

00000000000000100000000000000000000000000000000000
00000000000000000000001110000000000000000000000000
00000000000000000000001111000000000000000000000000
00000000000000000000001111000000000000000000000000
00000000000011100000000111100000000000000000000000
00000000000011100000000111100000000000000000000000
00000000000111000000000011110000000000000000000000
00000000000111000000000011111000000000000000000000
00000000001110000000000001111000000000000000000000
00000000011110000000000001111000000000000000000000
00000000111100000000000001111000000110000000000000
00000000111000000000000000111100000110000000000000
00000001111100000000000001111100000110000000000000
00000011111111111100111111111111111110000000000000
00000011111111111100111111111111111110000000000000
00000111111111111100011111111111111110000000000000
00000011111111111100011111111111111110000000000000
00000011111111111100011111111111111110000000000000
00000011111111111100011111111111111110000000000000
00000011111111111100011111111111111110000000000000
00000000000000000000000001111100001110000000000000
00000000000000000000000001111000001110000000000000
00000000000000000000000001111000000110000000000000

00000000000000000000000000010000000000000000000000
00000000000000000000000001110000000000000000000000
00000000000000000000000011111100000000000000000000
00000000000000000000001111111100000000000000000000
00000000000000000000000100111100000000000000000000
00000000000000000000000000111100000000000000000000
00000000000000000000100000111100000000000000000000
00000000000000000001000000111100000000000000000000
00000000000000000011000000111100000000000000000000
00000000000000001100000000111110000000000000000000
00000000000000001000000000011110000000000000000000
00000000000000010000000000011110000000000000000000
00000000000000110000000001111110000000100000000000
00000000000001100011110011111111110001110000000000
00000000000011111111110011111111111111110000000000
00000000000111111111110011111111111111110000000000
00000000001111111111110001111111111111110000000000
00000000001111111100000001111000001111100000000000
00000000001111000000000000110000000011100000000000
00000000000000000000000001100000000011000000000000
00000000000000000000000001000000000011000000000000
00000000000000000000000001100000000000000000000000
00000000000000000000001001000000000000000000000000

00000000000000000010000000000000000000000000000000
00000000000000001100011000000000000000000000000000
00000000000000001000011000000000000000000000000000
00000000000000010000011000000000000000000000000000
00000000000000100000111000000000000000000000000000
00000000000001000000111000000000000000000000000000
00000000000011000000111100000000000000000000000000
00000000000010000000111100000000000000000000000000
00000000000110000000111100000000110000000000000000
00000000000100000000111100110000111000000000000000
00000000001100000111111100011111111000000000000000
00000000001100011111111100011111111100000000000000
00000000001111111111111100011111111100000000000000
00000000011111111111111100011111111110000000000000
00000000011111111111111100011111111110000000000000
00000000011111111111111100011111111111000000000000
00000000011111111111111000011111111111000000000000
00000000001111110000000000011100001111100000000000
00000000001110000000000000001110000011100000000000
00000000000000000000000000001110000001110000000000
00000000000000000000000000001110000000110000000000
00000000000000000000000000000000000000010000000000
00000000000000000000001110001100000000000000000000
00000000000000000001111110001111000000000000000000
00000000000000000011111110001111110000000000000000
00000000000000001111111111001111111100000000000000
00000000000000011111111111001111111100000000000000
00000000000001111111111111000111111110000000000000
00000000000011111111001111000111111111000000000000
00000000000111110000000100000000011111000000000000
00000000001111000000001000000000000111000000000000
00000000011100000000010000000000000111000000000000
00000000111000000000100000000000000011000000000000
00000001110000000001000000000000000010000000000000
00000001100000000011000000000000000110000000000000
00000011000000000011000000000000000100000000000000
00000011000000000011100000000000001100000000000000
00000110000000000011110000000000111000000000000000
00000111000000000011111110001111110000000000000000
00000111110000000011111110001111100000000000000000
00000111111000000001111110001111000000000000000000
00000011100000000000011110001100000000000000000000



00000000000000000000000000000111100000000000000000
00001111111111111100000000000111110000000000000000
00001111111000001100000000000001110000000000000000
00001111100000001100000000000000110000000000000000
00001111100000001100000000000000010000000000000000
00001111100000001110000000000000110000000000000000
00001111100000001111000000000000110000000000000000
00011111100000000111000000000001110000000000000000
00011111000000000111111000000111100000000000000000
00011111000000000111111100111111100000000000000000
00011111000000000011111000111111000000000000000000
00011111000000000011111000111100000000000000000000
00011111000000000001111000111000000000000000000000
00111110000000000000000000000011000000000000000000
00000000000000000000000000011111000000000000000000
00001111100000000000000001111111000000000000000000
00011111000000000000000001111110000000000000000000
00111111000000000000000011111110000000000000000000
00111000000000000000000001111110000000000000000000
01110000000000000000100001111100000000000000000000
01100000000000000011100001111100000000000000000000
01000000000000000011000001111100000000000000000000
11000000000000000110000001111100000000000000000000
11000000000000001100000001111100000000000000000000
11000000000000011100000001111100000000000000000000
11000000000000011100000001111100000000000000000000
01100000000000111000000001111100000000000000000000
01110000000001111000000000111110000000000000000000
00111000000011111000000000111110000000000000000000
00111110001111111000000000011111000000000000000000
00011111111111111000000000011111000000000000000000
00001111111111111000000000001111100000000000000000
00000111111111111000000000000111110000000000000000
00000011111111111000000000000111110000000000000000
00000001111111111000000000000011111000000000000000
00000000011111111000000000000001111100000000000000
00000000000111110000000000000000111100000000000000
00000000000001100000000000000000001100000000000000






















